0926533631
0566330754
0905133682
0351947865
0839083457
0520157767
0890040968
0906584873
0787322681
0773488826
0376451646
0368522612
0337330450
0939653742
0940225320
0700177450
0948036817
0567308163
0932725314
0186397005
0399705162
0357406499
0391346804
0849281145
0910706966
0767196705
0188796478
0349283134
0822366650
0328050345
0930142878
0372663227
0771760891
0998919810
0892020858
0925979701
0569945638
0592226572
0388515130
0993760685
0599440144
0580502753
0353038250
0186746858
0188549194
0874867281
0769008990
0880468400
0596663205
0326525972
0557959692
0703810167
0582246835
0921071177
0392186923
0919734551
0188469325
0905070919
0704884797
0789735224
0320749008
0792770349
0367956466
0789026668
0994546267
0599395063
0934739043
0553213852
0186427359
0870592374
0337713015
0916262624
0845795188
0879581566
0934184787
0379216635
0389429843
0593981129
0878164264
0186378386
0329460642
0352976135
0783820298
0830495221
0583843569
0394269091
0332074591
0872089037
0930572514
0913748174
0914360897
0569460293
0399257522
0828620848
0814169852
0834107719
0585399161
0186281958
0813490011
0948818896
